 3  6 {
    105 114 123 132 141 150 204 213 222 231 240 303 312 321 330 402 411 420
    501 510 600
}
 5  42 {
    69999 78999 79899 79989 79998 87999 88899 88989 88998 89799 89889 89898 89979
    89988 89997 96999 97899 97989 97998 98799 98889 98898 98979 98988 98997 99699
    99789 99798 99879 99888 99897 99969 99978 99987 99996
}
1 1 {
 1
}
1 2 {
 2
}
1 3 {
 3
}
1 4 {
 4
}
1 5 {
 5
}
1 6 {
 6
}
1 7 {
 7
}
1 8 {
 8
}
1 9 {
 9
}
2 1 {
 10
}
2 2 {
 20 11
}
2 3 {
 30 12 21
}
2 4 {
 40 31 13 22
}
2 5 {
 50 41 32 14 23
}
2 6 {
 60 24 15 33 42 51
}
2 7 {
 70 61 25 16 34 43 52
}
2 8 {
 80 71 62 26 17 35 44 53
}
2 9 {
 90 81 72 63 27 18 36 45 54
}
2 10 {
 91 82 73 64 28 19 37 46 55
}
2 11 {
 92 83 74 38 29 47 56 65
}
2 12 {
 93 84 48 39 57 66 75
}
2 13 {
 94 58 49 67 76 85
}
2 14 {
 95 86 77 59 68
}
2 15 {
 96 87 69 78
}
2 16 {
 97 79 88
}
2 17 {
 98 89
}
2 18 {
 99
}
3 1 {
 100
}
3 2 {
 101 200 110
}
3 3 {
 300 201 102 120 111 210
}
3 4 {
 310 211 112 400 301 202 103 220 121 130

}
3 5 {
 500 401 140 131 230 122 221 410 203 302
 320 113 212 104 311
}
3 6 {
 600 501 402 510 303 141 240 132 231 330
 123 222 312 105 411 204 321 114 420 213
 150
}
3 7 {
 700 610 601 520 511 160 151 214 421 115
 322 205 412 106 313 223 430 124 331 232
 133 340 142 241 250 304 403 502
}
3 8 {
 800 710 701 620 611 602 521 512 503 440
 431 422 170 161 152 215 116 323 206 413
 530 107 314 224 125 332 134 341 143 350
 233 242 251 260 305 404
}
3 9 {
 900 810 801 720 711 702 621 612 522 513
 504 450 441 432 423 414 405 360 603 180
 171 162 153 216 540 117 324 630 207 531
 108 315 126 333 135 342 144 351 225 234
 243 252 261 270 306
}
3 10 {
 910 901 820 811 802 730 721 307 280 703
 271 262 253 244 235 226 217 640 145 136
 334 127 550 316 109 532 208 631 325 118
 541 154 163 172 181 604 190 613 343 352
 361 370 406 415 424 433 442 451 460 505
 514 523 622 712
}
3 11 {
 920 911 902 830 821 812 803 740 731 722
 713 704 650 641 317 308 290 281 272 263
 254 245 236 227 155 146 137 560 326 119
 542 218 335 128 551 164 173 182 605 191
 614 209 632 344 353 362 371 380 407 416
 425 434 443 452 461 470 506 515 524 533
 623
}
3 12 {
 930 921 912 903 840 831 822 813 804 750
 741 732 723 714 705 660 651 642 633 327
 318 309 291 282 273 264 255 246 165 156
 354 147 570 336 129 552 228 345 138 561
 237 174 183 606 192 615 219 363 372 381
 390 408 417 426 435 444 453 462 471 480
 507 516 525 534 543 624
}
3 13 {
 940 931 922 913 904 850 841 832 823 814
 805 760 751 742 733 724 715 706 670 661
 652 643 337 328 319 292 283 274 265 382
 175 373 166 364 157 580 256 346 139 562
 238 355 148 571 247 184 607 193 616 229
 391 409 418 427 436 445 454 463 472 481
 490 508 517 526 535 544 553 625 634
}
3 14 {
 950 941 932 923 914 905 860 851 842 833
 824 815 806 770 761 752 743 734 725 716
 707 680 671 428 419 347 338 329 293 284
 392 185 608 383 176 275 374 167 590 266
 356 149 572 248 365 158 581 257 194 617
 239 662 437 446 455 464 473 482 491 509
 518 527 536 545 554 563 626 635 644 653

}
3 15 {
 960 951 942 933 924 915 906 870 861 852
 843 834 825 816 807 780 771 762 753 744
 735 726 447 438 429 357 348 339 195 618
 294 717 393 186 609 285 708 384 177 276
 366 159 582 465 258 681 375 168 591 267
 690 456 249 672 474 483 492 519 528 537
 546 555 564 573 627 636 645 654 663
}
3 16 {
 970 961 952 943 934 925 916 907 880 871
 862 853 844 835 826 817 808 790 781 529
 457 448 439 367 196 619 295 718 394 187
 493 286 709 466 259 682 358 376 169 592
 475 268 691 385 178 484 277 349 772 538
 547 556 565 574 583 628 637 646 655 664
 673 727 736 745 754 763
}
3 17 {
 980 971 962 953 944 935 926 917 908 890
 881 872 863 854 557 548 539 467 458 449
 197 296 719 476 269 692 575 368 791 485
 278 377 395 818 188 494 287 179 386 809
 566 359 782 584 593 629 638 647 656 665
 674 683 728 737 746 755 764 773 827 836
 845
}
3 18 {
 990 981 972 963 954 945 936 657 648 639
 567 558 549 477 297 198 486 909 279 585
 378 396 819 189 495 918 288 594 387 576
 369 792 468 891 459 882 666 675 684 693
 729 738 747 756 765 774 783 828 837 846
 855 864 873 927
}
3 19 {
 973 964 955 946 937 928 883 874 865 856
 847 838 829 793 784 775 766 757 982 559
 892 469 676 478 685 379 586 919 496 289
 397 199 298 487 694 388 595 991 568 577
 649 658 667 739 748
}
3 20 {
 983 974 965 956 947 938 929 893 884 875
 866 857 659 992 569 776 578 785 479 686
 596 389 497 299 398 587 794 488 695 668
 677 749 758 767 839 848
}
3 21 {
 993 984 975 966 957 759 669 876 678 885
 579 786 696 489 597 399 498 687 894 588
 795 768 777 849 858 867 939 948
}
3 22 {
 967 958 949 877 868 895 688 994 787 598
 499 697 589 796 886 679 985 778 976 769
 859
}
3 23 {
 977 968 995 788 887 698 599 797 689 896
 986 779 878 869 959
}
3 24 {
 969 978 879 996 897 699 798 987 789 888

}
3 25 {
 979 997 799 898 889 988
}
3 26 {
 998 899 989
}
3 27 {
 999
}
4 1 {
 1000
}
4 2 {
 1001 2000 1100 1010
}
4 3 {
 1200 1101 1002 3000 2010 1020 2100 2001 1011 1110

}
4 4 {
 3010 3001 2200 2110 2101 2020 2011 3100 1030 1021
 1120 4000 1102 1201 1300 1012 1111 1003 1210 2002

}
4 5 {
 5000 4100 4010 3200 3110 3101 3020 3011 2210 1211
 1004 1112 1013 1220 1202 2030 1103 3002 1310 1121
 1022 1130 2300 1031 4001 1040 1301 1400 2021 2003
 2012 2102 2111 2120 2201
}
4 6 {
 6000 5100 5010 5001 4200 4110 4101 4011 1500 4020
 1401 1302 1410 3102 1203 1041 2310 4002 2013 1140
 1032 2301 2004 1131 2400 1023 1122 1212 1005 3120
 1311 1104 1221 1014 1320 3012 1113 1050 2022 2031
 3300 2040 1230 2103 2112 2121 3003 2130 2202 2211
 2220 3021 3030 3111 3201 3210
}
4 7 {
 7000 6100 6010 6001 5200 5110 5101 5011 4300 4210
 4201 4111 4102 4012 3400 3310 3301 3220 3211 3202
 4003 3130 3121 3112 3040 3031 3022 2500 2410 4021
 1402 1303 1204 2050 1042 2311 1033 2302 5020 2401
 1024 1123 1213 1006 1312 1105 1222 1015 1321 1114
 1051 2320 1060 4030 1411 1420 4120 1501 5002 1510
 1600 1150 2023 1132 2005 1141 2014 2032 2041 1231
 2104 1240 2113 2122 3004 2131 3013 2140 1330 2203
 2212 2221 3103 2230
}
4 8 {
 8000 7100 7010 6200 6110 6020 5300 7001 5210 5120
 5030 4400 6101 4310 2132 2114 2105 2042 2015 1142
 2123 1700 2033 1160 2024 1151 1601 6011 4220 4130
 1502 4040 1403 2204 1070 1061 1052 1115 1016 1106
 2303 1007 2060 3005 1214 1124 1025 1034 1043 1133
 2006 2051 1205 1304 3050 2141 1223 3014 2150 1232
 3023 4022 2231 1313 3104 4031 2240 1322 3113 4121
 2330 1412 3203 2402 2501 4301 2510 2600 1241 3032
 1250 3041 1331 3122 1340 3131 2213 4004 3140 2222
 4013 5003 1421 3212 5012 1430 3221 5021 3230 2312
 4103 1511 3302 5102 1520 3311 5111 3320 1610 3401
 5201 3410 3500 2321 4112 2411 4202 6002 2420 4211

}
4 9 {
 9000 8100 8010 7200 7110 7020 6300 8001 6210 6120
 6030 5400 7101 5310 7011 5220 5130 5040 4500 6201
 4410 6111 4320 6021 4230 4140 4050 3600 5301 3510
 7002 5211 3420 5121 3330 5031 3240 1800 3501 1710
 1701 5202 3411 1620 3402 1611 1602 5103 3312 1521
 3303 1512 1404 3150 4014 2223 4005 2214 2205 3060
 1305 3051 1260 2133 1503 1080 1071 1062 1053 1116
 5022 3231 1440 4104 2313 1017 5112 3321 1530 2403
 1107 2304 1008 3006 1215 1026 2106 1035 2115 1044
 2124 1125 1134 2007 1143 2016 1152 2025 1161 2034
 1170 2043 1206 2052 2061 2070 2142 1224 3015 2151
 1233 3024 2160 1242 3033 4023 2232 1314 3105 4032
 2241 1323 3114 4041 2250 1332 3123 4113 2322 4122
 2331 1413 3204 4131 2340 5004 1422 3213 4203 2412
 6003 4212 2421 6012 4221 2430 2502 4302 2511 6102
 4311 2520 2601 4401 2610 2700 1251 3042 1341 3132
 1350 3141 5013 1431 3222
}
4 27 {
 9990 9981 9972 9963 9954 9945 9936 9927 9918 9909
 9891 9882 9873 9864 9855 9846 9837 9828 9819 9792
 7686 7299 6993 8784 6984 8775 6975 8766 6966 8757
 6957 8748 6948 8739 6939 6894 8685 6885 6876 6795
 8586 6786 8676 4995 6777 8667 4986 7668 3987 9459
 5778 6696 8487 6687 8577 4896 8568 4887 6678 2997
 8469 4788 6399 6867 7785 5895 9576 6858 7776 5886
 9567 6849 7767 5877 9558 7758 5868 9549 7749 5949
 6768 8658 4977 6759 8649 4968 7398 9189 4779 6489
 7569 3888 4599 6597 8388 7659 3978 5769 7389 5589
 7479 3798 6498 8289 3879 4689 6579 2898 5679 1998
 3789 3897 7578 7677 3996 9468 5787 5688 9369 4959
 2889 6588 8478 4797 4698 8379 3969 1899 2799 1989
 2988 6669 8559 4878 9477 5796 7587 3699 7488 9378
 5697 5598 9279 4869 7497 9288 7596 9387 5859 5499
 2979 7695 9486 7794 9585 7839 7848 5958 9639 7857
 5967 9648 7866 5976 9657 7875 5985 9666 7884 5994
 9675 7893 9684 7929 7938 9729 7947 9738 7956 9747
 7965 9756 7974 9765 7983 9774 7992 9783 8199 8298
 8397 8496 8595 8694 8793 8829 8838 8847 8856 8865
 8874 8883 8892 8919 8928 8937 8946 8955 8964 8973
 8982 8991 9099 9198 9297 9396 9495 9594 9693
}
4 28 {
 9991 9982 9973 9964 9955 9946 9937 9928 9919 9892
 9883 9874 9865 9856 9847 9838 9829 9793 9694 9595
 9496 9397 9298 9199 8992 8983 8974 8965 8956 8947
 8938 8929 8893 8884 8875 8866 8857 8848 8839 8794
 8695 3979 6499 6859 8596 8497 5869 6697 8488 8398
 4699 1999 6598 8389 8587 6796 5878 7669 2989 3799
 5779 3988 3889 2899 4969 9379 5797 7588 5959 6787
 4996 8578 3898 5689 2998 4789 6589 4798 4879 9289
 7498 6769 4978 9388 7597 5599 4888 6679 4897 6688
 8479 7489 5698 5968 7759 8686 6895 9559 5977 7768
 6949 8749 6958 8758 6967 8767 6976 7849 8776 6985
 9649 7858 8785 6994 9658 7867 7399 5788 3997 7579
 9469 5887 7678 9478 5896 7687 9487 7696 6778 4987
 8569 9568 5986 7777 9577 5995 7786 6868 8659 9586
 7795 6877 8668 9667 7876 9676 7885 9685 7894 7939
 9739 7948 9748 7957 9757 7966 9766 7975 9775 7984
 9784 7993 8299 6886 8677
}
4 29 {
 9992 9983 9974 9965 9956 9947 9938 9929 9893 9884
 9875 9866 9857 9848 9839 9794 9695 4979 7499 7859
 9596 9497 6869 7697 9488 9398 5699 2999 7598 9389
 9587 7796 6878 8669 3989 4799 6779 4988 4889 3899
 5969 6797 8588 6959 7787 5996 9578 4898 6689 3998
 5789 7589 5798 5879 8498 7769 5978 8597 6599 5888
 7679 5897 7688 9479 8489 6698 6968 8759 9686 7895
 6977 8768 7949 9749 7958 9758 7967 9767 7976 8849
 9776 7985 8858 9785 7994 8867 8399 6788 4997 8579
 6887 8678 6896 8687 8696 7778 5987 9569 6986 8777
 6995 8786 7868 9659 8795 7877 9668 8876 8885 8894
 8939 8948 8957 8966 8975 8984 8993 9299 7886 9677

}
4 30 {
 9993 9984 9975 9966 9957 9948 9939 9894 9885 9876
 9795 9786 9777 9696 9687 9678 9579 9399 9867 8994
 9858 8985 9849 8976 8967 8958 8949 9768 8895 9759
 8886 8877 7698 6987 8679 7599 9597 6978 6888 9498
 6879 6798 8688 6789 7689 9489 5997 4998 7959 9588
 6969 4899 5889 5988 5799 5898 4989 9669 8796 6897
 8589 3999 6699 7968 7779 7788 7797 6996 7869 7878
 7887 7977 8859 7986 8868 7995 8499 5979 8598 8697
 7896 8769 8778 8787
}
4 31 {
 9994 9985 9976 9967 9958 9949 9895 9886 9877 8698
 7987 9679 8599 7978 7888 7879 7798 9688 7789 8689
 6997 5998 8959 7969 5899 6889 6988 6799 6898 5989
 9796 7897 9589 4999 7699 8968 8779 8788 8797 7996
 8869 8878 8887 8977 9859 8986 9868 8995 9499 6979
 9598 9697 8896 9769 9778 9787
}
4 32 {
 9995 9986 9977 9896 9887 9878 9869 9797 9788 9779
 9968 8699 7979 5999 8897 6989 7898 7799 7988 7889
 6899 8969 9959 6998 7997 9689 8789 8996 8798 8879
 8888 8978 9599 8987 9698
}
4 33 {
 9987 9978 9888 9879 9798 9996 9789 7998 9969 7899
 8889 8988 8799 8898 8997 7989 9897 6999 8979 9699

}
4 34 {
 9979 7999 8989 9997 9898 9799 9988 9889 8899 8998

}
4 35 {
 9998 9989 8999 9899
}
4 36 {
 9999
}
5 1 {
 10000
}
5 2 {
 10001 20000 11000 10100 10010
}
5 3 {
 30000 21000 20100 20010 10110 10011 11001 10020 11010 12000
 10002 10101 10200 11100 20001
}
5 4 {
 40000 30100 30010 20200 20110 20101 22000 11002 10210 21001
 10003 10111 21010 10012 10300 10201 21100 10102 13000 30001
 10120 10021 10030 12100 11011 11020 11101 31000 20002 11110
 20011 11200 12001 12010 20020
}
5 5 {
 50000 41000 40001 32000 31010 31001 30020 30011 30002 23000
 22100 22010 22001 21200 21110 21101 21020 40010 11201 11120
 11111 11102 11012 31100 11021 20003 10400 10301 10040 13001
 30110 10031 20030 11300 11003 10130 30101 10022 30200 10121
 10310 12002 10103 11030 10202 10220 10013 21011 10112 10004
 21002 10211 11210 12011 12020 12101 12110 12200 13010 20201
 13100 20012 40100 20021 20102 14000 20111 20120 20210 20300

}
5 6 {
 60000 51000 50100 42000 41100 40200 33000 50010 32100 31200
 50001 30300 12030 11202 11130 11121 11112 11103 12021 10230
 11040 32001 30210 12300 21030 11031 11022 10050 10113 10014
 12012 10221 10104 10005 41010 23100 12003 10212 10122 10023
 31101 11400 20130 21003 10131 11004 31002 11301 20031 10032
 24000 10140 11013 11211 13002 20040 10041 10203 12201 30111
 10410 20013 30102 10401 13020 20004 30201 10500 20103 11220
 13011 31011 11310 13101 31020 13110 31110 13200 30120 12210
 14001 20112 14010 20121 32010 14100 15000 21111 20022 20202
 40002 20301 40101 20400 10302 30003 21012 21021 21102 21120
 21201 41001 21300 12120 30030 20211 22002 20220 22011 22020
 40011 20310 22101 40020 22110 40110 22200 21210 23001 23010
 10311 12102 30012 12111 10320 30021
}
5 7 {
 61000 60100 60001 52000 51100 50200 16000 15100 33010 15010
 31120 51010 14200 13210 50020 14110 32020 20212 22003 12310
 30220 32011 20122 12220 30130 50110 13300 31210 33001 11410
 31111 13111 15001 11320 31021 13102 11311 31012 13012 11221
 12400 30310 13201 50011 12301 51001 10510 30211 32002 12211
 14101 10420 30121 12202 10411 30112 13003 11212 12130 30040
 12121 14011 10330 30031 12112 14002 10321 30022 12040 12031
 10240 12022 10231 11500 31201 20140 20005 11050 13021 11230
 10402 30103 10303 30004 10204 10042 20041 10033 20032 11302
 31003 20131 14020 11401 31102 32110 10024 10123 10213 12004
 10006 10312 12103 30013 10105 10222 12013 32101 10015 10051
 20050 13030 20023 20104 13120 31030 10501 30202 20113 20203
 10600 30301 50002 10150 11023 10132 11005 10141 11032 11041
 70000 11104 11113 11122 11131 11140 11203 20221 22012 20230
 22021 20302 40003 20311 22102 40012 22111 40021 20401 40102
 20410 22201 40111 20500 40201 21004 21013 21022 21031 21040
 10060 21103 21112 21121 21130 21202 21211 23002 21220 23011
 21301 41002 21310 23101 41011 21400 41101 22030 22120 40030
 22210 20320 24001 40120 22300 40210 42001 23020 23110 41020
 60010 23200 41110 24010 24100 42010 25000 30400 50101 31300
 10114 32200 11014 33100 34000 40300 41200 20014 42100 43000

}
5 39 {
 99993 99966 99957 99948 99894 99876 99867 88779 86988 88869
 87996 89787 87987 89778 87969 87897 69987 89688 87888 69978
 87879 69969 87789 89679 85998 69879 86997 88788 86898 88689
 68988 86889 68979 68889 86979 79995 99696 79986 97896 99687
 79959 97869 79896 99597 79887 97797 99588 79797 99498 85899
 67989 79788 77997 97698 79779 77988 97689 79698 59997 99399
 79689 99984 77898 97599 88599 68898 79869 97779 78996 98697
 78987 96897 98688 87699 67998 69789 78969 96879 78897 98598
 84999 78888 59988 96798 98589 78879 66999 48999 88797 96789
 59979 99975 77889 95799 58989 68799 79977 97887 59898 79599
 85989 79878 99678 95997 97788 95898 99579 59799 78798 98499
 86799 49989 49998 69699 78978 96888 94998 98679 58899 69897
 89598 87978 89769 99489 58998 78699 69996 89697 88698 68997
 79968 97878 95988 99669 99885 77799 57999 87798 69888 89589
 69798 89499 76989 94899 49899 75999 76998 78789 59889 96699
 77979 95889 88878 88887 99939 88896 88959 88968 88977 88986
 88995 89796 89859 89868 89877 89886 89895 89949 89958 89967
 89976 67899 89985 89994 98949 93999 94989 95979 96969 96978
 98769 96987 98778 96996 98787 97959 97968 99759 97977 99768
 97986 99777 97995 99786 98796 98859 98868 98877 98886 39999
 98895 98958 98967 98976 76899 98985 98994 99795 99849 99858

}
5 40 {
 99994 99985 99976 99967 99958 99949 99895 99886 99877 99868
 99859 99796 98995 98986 98977 98968 98959 98896 98887 98878
 87979 88789 86998 85999 59899 86989 99499 79798 99589 79888
 97798 67999 87799 69889 89968 78997 98698 99697 79996 88699
 68998 99769 97978 99598 79897 68899 88978 79699 59998 77899
 59989 88798 69799 89878 95989 49999 89599 69898 89977 78799
 68989 86899 87889 69979 98797 58999 76999 88879 88888 94999
 88897 88969 79789 77998 97699 88987 88996 89869 78898 98599
 87898 69988 89689 69997 89698 87988 89779 87997 89788 77989
 95899 89797 89887 89896 89959 89986 89995 96979 78889 96799
 78979 96889 78988 98689 96898 98788 96997 79879 95998 97789
 79969 97879 99679 79978 97888 99688 79987 97897 97969 99778
 97987 99787 97996 98869 96988 98779
}
5 41 {
 99995 99986 99959 99896 99887 99797 99788 99779 99698 99689
 99869 98996 98987 98969 98897 98888 98879 87989 86999 97997
 88898 79997 68999 88889 79988 79979 96899 88799 99977 79898
 88979 59999 99878 79799 97988 87998 98798 69989 69998 89879
 98978 78899 89897 87899 78998 99599 89996 99968 79889 77999
 88997 78989 89987 88988 89699 89789 89798 96989 69899 89978
 89888 95999 96998 97799 97889 97898 97979 89969 98699 98789

}
5 42 {
 99978 99969 99888 99798 99789 99699 98988 99987 88989 98997
 87999 89889 99996 88998 97899 99897 88899 99879 79998 79989
 97998 89799 69999 98979 79899 89898 98799 89979 89988 98889
 78999 89997 98898 96999 97989
}
5 43 {
 99997 99988 99979 99898 89899 79999 99799 89989 88999 89998
 98899 98998 99889 97999 98989
}
5 44 {
 99998 99989 99899 89999 98999
}
5 45 {
 99999
}
6 1 {
 100000
}
6 2 {
 200000 100010 101000 100100 110000 100001
}
6 3 {
 300000 210000 201000 200100 120000 200010 111000 110100 110010 100110
 100011 101001 200001 100020 101010 102000 100002 100101 100200 101100
 110001
}
6 4 {
 400000 300100 300010 300001 110020 102010 102001 101200 110011 200110
 101110 220000 110002 121000 200101 101101 101020 310000 200002 101011
 102100 100030 100120 120001 103000 210100 100102 111100 100201 100300
 210010 100012 111010 100111 210001 100003 111001 201100 301000 100210
 211000 101002 112000 200200 110110 110200 120010 100021 120100 130000
 200011 110101 200020 201001 201010 202000
}
6 5 {
 500000 410000 311000 302000 212000 211100 211010 201002 110120 110111
 301010 104000 200030 110102 200021 110021 130100 110012 320000 200003
 110201 200120 300020 103010 102020 111002 210002 401000 100112 210110
 111011 210011 102011 100220 100202 210200 101030 220100 100103 210101
 100211 102002 100121 120200 100022 210020 100130 400100 221000 101003
 211001 110030 100031 301001 102200 120110 300011 101210 103001 100040
 120101 100400 230000 110003 101021 300200 121100 101012 101102 101111
 101120 300002 101201 111020 111101 201020 111110 310001 111200 110210
 112001 112010 130010 112100 310010 113000 220001 100004 200300 100301
 120002 102101 100310 120011 400001 201200 102110 120020 300101 101300
 121001 300110 103100 121010 301100 122000 110300 130001 310100 131000
 140000 201110 200012 200102 200111 200201 201011 201101 200210 202001
 202010 220010 100013 202100 400010 203000
}
6 7 {
 133000 132100 131200 130300 124000 123100 122200 121300 140101 210040
 120400 115000 132010 114100 210301 114010 131110 113200 150010 131020
 212002 113110 113020 132001 130210 112300 130120 211102 114001 110320
 112210 230002 411001 211012 112030 131101 201040 111400 113101 111310
 131002 111301 113002 111202 111103 100060 111040 210400 111004 130201
 200140 110500 200050 112201 130102 400030 200041 110401 211003 112102
 130003 110230 101203 111031 311020 101140 241000 200500 101104 160000
 203200 240010 200410 100150 140002 120301 100600 211030 110203 120202
 100501 121030 402001 202012 103120 110104 103030 110050 122101 201400
 240100 102103 102004 240001 122110 121102 101401 121003 213100 203101
 310030 110041 500020 300031 100042 203110 100204 510010 110032 310021
 120004 110131 310120 120103 130030 204100 100402 101230 303010 103021
 101050 202030 110140 131011 331000 121201 100240 102040 112120 201004
 104002 320020 120031 401002 201013 100330 120040 601000 401011 201022
 102130 110410 103003 300400 100411 102202 201103 100420 220003 122002
 320200 120211 100510 141001 102301 103201 120310 102400 321001 121012
 103102 321010 121021 202003 101320 105001 321100 121111 101410 123001
 121210 103300 140110 120130 401101 201112 102220 420001 101500 220012
 250000 322000 122011 120220 201202 102310 220102 112003 122020 203002
 200401 104110 140020 103210 221002 104200 141010 202102 201301 105010
 100114 300103 123010 400300 104020 200311 105100 106000 420100 220111
 140200 141100 142000 150001 150100 501010 101032 301021 151000 222100
 103111 303100 111220 200104 400102 200113 600100 400111 200122 140011
 340000 400120 200131 200203 400201 200212 400210 200221 200230 200320
 100303 204001 401020 201031 401110 201121 201130 401200 201211 201220
 201310 402010 202021 402100 202111 202120 202201 202210 120013 320002
 202300 403000 203011 203020 101302 205000 121120 210004 410002 210013
 610000 410011 210022 410020 210031 210103 410101 210112 410110 210121
 210130 210202 410200 210211 210220 210310 411010 211021 411100 100006
 211111 100015 300004 211120 211201 100105 211210 211300 412000 212011
 212020 212101 101005 212110 212200 213001 213010 110302 214000 420010
 220021 101014 301003 220030 501001 101023 301012 220120 101113 301102
 220201 220210 220300 421000 221011 221020 102013 302002 221101 110005
 221110 221200 222001 222010 223000 100312 204010 300301 430000 230011
 104101 230020 111013 311002 230101 100051 300040 230110 230200 231001
 231010 231100 232000 500002 100024 300013 700000 500011 100033 300022
 500101 100123 300112 500110 100132 300121 100141 300130 100213 300202
 500200 100222 300211 100231 300220 100321 300310 101041 301030 501100
 101122 301111 101131 301120 101212 301201 101221 301210 101311 301300
 502000 102022 302011 102031 302020 102112 302101 102121 302110 102211
 302200 103012 303001 104011 200302 304000 110014 310003 510001 110023
 310012 110113 310102 510100 110122 310111 110212 310201 110221 310210
 110311 310300 511000 111022 311011 111112 311101 111121 200005 311110
 111211 311200 112012 312001 112021 312010 112111 312100 113011 313000
 520000 120022 320011 120112 320101 120121 320110 130012 330001 130021
 330010 130111 330100 111130 200014 400003 600001 200023 400012 600010
 200032 400021
}
7 1 {
 1000000
}
7 2 {
 1100000 1000010 1001000 2000000 1000100 1010000 1000001
}
7 3 {
 3000000 2010000 2000100 1001100 2100000 1000200 2000010 1000101 1002000 1001010
 1100001 1001001 1000011 1000110 1010010 1010100 1000002 1011000 2001000 1100010
 1020000 1010001 1100100 1101000 2000001 1000020 1110000 1200000
}
7 4 {
 4000000 3000100 3000010 3000001 2020000 2011000 2010100 2010010 2010001 2002000
 2001100 2001010 2001001 2000101 3100000 2000020 2000011 1300000 1200100 1200010
 3001000 1200001 2110000 2000002 1010020 1002010 1002001 1001200 1010011 1100110
 1001110 1120000 1010002 1021000 1100101 1001101 2101000 1001020 1210000 1100002
 1001011 3010000 1002100 2100010 1000030 2100100 1000120 1020001 1003000 1110100
 1000102 1011100 1000201 1000300 1110010 1000012 1011010 1000111 1110001 1000003
 2000110 1011001 1101100 1201000 1000210 1111000 1001002 1012000 1100200 1010110
 1010200 1020010 2100001 1000021 1020100 1030000 1100011 2200000 1010101 1100020
 1101001 2000200 1101010 1102000
}
7 5 {
 5000000 4100000 4001000 4000100 4000001 3200000 3110000 3101000 3100100 1103000
 1300010 1102100 1000013 4010000 1102010 1102001 1100210 1101101 1101011 1100201
 1100111 1100102 1100012 1101110 1040000 3010100 1031000 1210100 3001100 1030001
 1010300 3000101 1022000 1201100 1021010 1003100 1200110 1021001 1001300 1002110
 1101200 1000310 1002101 1020002 1000301 1100300 1120001 1013000 1210010 1012100
 1030010 1200101 3000110 1012010 1012001 1010210 1011200 3010010 1210001 1120010
 3001001 1011110 1101020 2000102 1011101 1011020 1001201 3000011 1200002 1001120
 1001111 1001102 1001012 1021100 1001021 2020100 1010003 1130000 1000400 1020101
 1000040 2003000 1000004 2200010 1001210 3000020 1200011 1020110 1002200 3001010
 1201001 1000031 4000010 2200001 1010030 2210000 1111001 1001003 1121000 1300100
 1000130 2021000 2200100 1110020 1000022 1020200 3010001 1000121 1002002 1000211
 1110101 1000103 1120100 1001030 2201000 3100001 1000202 1000220 1002011 2001200
 1011011 1110110 1000112 1110002 1011002 1003010 1200020 1100120 1301000 1010201
 3000002 1100003 1220000 3011000 1030100 1100021 1010102 1100030 2300000 1004000
 1201010 1010120 1020020 1101002 1111010 1111100 1112000 1300001 3100010 1202000
 1211000 3002000 1310000 1400000 2000003 2120000 2000012 2000021 2000030 2000111
 2000120 1010012 2000201 1010021 2000210 2002001 1010111 2000300 2020001 1110200
 2001002 2001011 2001020 2001101 2001110 2002010 2002100 2020010 2010002 3000200
 2010011 1200200 2010020 2010101 2010110 1020011 2010200 2011001 2011010 2011100
 2012000 1003001 2030000 2100002 2100011 2100020 2100101 2100110 1110011 2100200
 2101001 2101010 2101100 2102000 1002020 2110001 2110010 2110100 2111000 3020000

}
7 6 {
 1113000 1112010 2002002 1111101 1111020 2101200 1111002 1030020 1112001 3110100
 1110210 1110201 2001003 3110010 1110120 2100300 1110102 1110030 4100100 2100210
 1110003 1103010 1102020 1103001 2130000 3101100 1101210 1101201 3101010 1101120
 1101102 3020010 1020120 1101030 1020030 1101003 4010100 2010210 5100000 3100110
 1100220 1102002 1021020 1100202 3100020 1100130 2013000 1030101 1050000 1100103
 2100201 1041000 1032000 2000103 1031100 1030200 1023000 1040010 1003200 1022100
 1021200 1040001 1020300 1002030 1000014 1200003 1001202 1121100 1001103 2110002
 1001040 1022001 3020100 1020210 1002300 1011030 3120000 1120110 1102200 2110200
 1102101 3100200 1100310 1120101 1100400 1000104 4200000 4000011 2000121 2200110
 1120002 3111000 1111110 1000005 1031010 1013100 1122000 1002003 1140000 1120020
 1001013 1201002 3102000 1102110 1021101 1001400 2004000 1131000 1011003 1121001
 1101300 1001004 1021002 1001301 6000000 4000110 2000220 1103100 1014000 1121010
 1003002 2030001 1010040 1120200 2011002 1000203 1010031 1210020 1002201 2010300
 1130010 1112100 2000202 1020102 1000401 2101020 2111001 1130001 1110300 2001102
 1010004 1020201 1111011 1311000 1000500 1130100 1010103 1000140 3000030 2030010
 1221000 1021011 2011200 1003101 2030100 3021000 1021110 1004001 2031000 2000301
 1100301 1004010 4000200 2000310 1022010 1004100 1005000 2001300 1010202 1101012
 1301001 1030002 1010301 3101001 1101111 1301100 1010400 1104000 1000302 1020003
 2001201 4001100 2001210 1011102 1102011 1302000 1031001 1011300 2110101 1101021
 1301010 2000400 1012002 2002200 1012020 2120001 2020200 1012101 3030000 1030110
 1012200 1013001 1003020 2040000 1013010 1002102 2010201 1000041 1200030 1000113
 3000003 1200102 3200001 1400100 3000012 1000122 1200111 5000010 1000230 3000120
 3200010 1000131 3000021 1200120 1000212 3000102 1200201 2210010 2010021 5000100
 1000320 3000210 5000001 3200100 1000221 3000111 1200210 2010030 4010010 2010120
 1401000 1001022 1201011 1001130 3001020 1001031 1201020 1001112 3001002 1201101
 5001000 1001220 3001110 3201000 1001121 3001011 1201110 3001101 1001211 1201200
 2011020 1002012 1202001 1002120 3002010 1002021 1202010 3002001 1002111 1202100
 1003011 1203000 1010013 1210002 4000101 2000211 2200200 1010130 3010020 5010000
 1010220 3010110 3210000 1010121 3010011 1210110 2020020 2101002 1011012 1211001
 1100004 1011120 3011010 1011021 1211010 3011001 1011111 1211100 1012011 1212000
 1020012 1220001 1020021 1220010 3020001 1020111 1220100 1030011 1230000 1040100
 2003010 1100013 1300002 1100031 1300020 3100002 1100112 1300101 3300000 3100011
 1100121 1300110 3100101 1100211 1300200 2110020 1110012 1310001 1110021 1310010
 3110001 1110111 1310100 1120011 1320000 1000023 1200012 1400001 2000004 1000032
 1200021 1400010 1010022 1210011 1410000 2010003 1100022 1300011 1500000 2100003
 2200011 2400000 2000022 2200020 2000031 1111200 2000040 4000020 2000130 2201010
 2001021 2001030 4001010 2001120 2002020 2002101 4002000 2002110 2003001 2003100
 2210001 2010012 1000311 1200300 3000201 2010102 1000410 3000300 1001310 3001200
 1100040 2011101 4011000 2011110 2012001 2012010 2012100 2020002 1010310 3010200
 2020101 4020000 2020110 2021001 2021010 2021100 2022000 2300010 2100021 1011201
 2100030 2100102 4100010 2100120 2301000 2101011 2101101 4101000 2101110 2102001
 2102010 2102100 2103000 4110000 2110110 2111010 1000050 2111100 2112000 2120010
 2120100 2121000 2000013 2200002 4000002 2000112 2200101 2001012 2201001 4001001
 2001111 2201100 2002011 2202000 4010001 2010111 2210100 2011011 2211000 2020011
 2220000 2100012 2300001 4100001 2100111 2300100 2110011 2310000 1002210 3002100
 1003110 3003000 1010112 1210101 3010002 1010211 1210200 3010101 1011210 3011100
 1012110 3012000
}
8 1 {
 10000000
}
8 2 {
 20000000 10100000 10000010 10001000 11000000 10000100 10010000 10000001
}
8 3 {
 30000000 20000100 20000010 12000000 11010000 20010000 11000100 10001100 11100000 10000200
 11000010 10000101 21000000 10002000 10001010 10100001 10001001 20001000 10000011 10000110
 20000001 10010010 10010100 10000002 10011000 11001000 10100010 10020000 10010001 10100100
 10101000 20100000 11000001 10000020 10110000 10200000
}
8 4 {
 31000000 30100000 21100000 21001000 21000100 21000010 21000001 20101000 20100100 20100010
 20100001 30000010 10102000 10101010 11000200 10101001 10100020 20020000 10010101 10100011
 10020100 10000021 11100001 10010110 30000001 10100200 20000020 10001002 10111000 10201000
 10101100 20200000 10011001 11000110 40000000 10110001 10011010 10000012 10110010 20001100
 10011100 22000000 10000300 10020001 20001010 10000120 11100100 11200000 10000030 11100010
 10020010 10002100 12010000 10001011 10100002 10001020 11101000 20011000 10001101 20110000
 10100101 30000100 10000003 10120000 10001110 10100110 10000210 10002001 10002010 10010020
 11000002 11110000 10001200 10200001 10210000 12001000 10003000 10200010 10021000 10200100
 10000102 20010001 30001000 10300000 11000011 11000020 21010000 11000101 11001001 11001010
 11001100 11002000 20000011 11010001 11010010 11010100 10010011 20002000 11011000 11020000
 10010200 12000001 10012000 12000010 10030000 12000100 13000000 10110100 20000002 30010000
 12100000 20000101 20000110 10010002 20000200 20001001 10000111 20010010 10000201 20010100

}
8 5 {
 50000000 41000000 40010000 40001000 40000010 40000001 32000000 31100000 31010000 31001000
 31000010 31000001 30200000 30110000 30100010 30100001 30020000 30011000 30001010 30001001
 30000020 30000011 23000000 22010000 22001000 22000001 21200000 21110000 21101000 21100100
 21100001 21020000 30000002 21011000 21010100 21010010 21001100 21001010 21001001 21000110
 21000101 21000020 20210000 20201000 20200100 40000100 22000010 20200001 20120000 20111000
 20110100 20110010 20110001 20101100 20101010 20101001 30002000 20100110 20100101 20100020
 20100011 20030000 20020100 20020010 20011010 20011001 20010200 20010110 20010101 21000200
 20010011 20001200 20001110 20001101 20001020 20001011 20000300 20000120 20000111 20000021
 20000030 14000000 13100000 13001000 30010001 13000100 13000001 12200000 12110000 12101000
 12100100 10103000 10300010 10102100 10000013 13010000 10102010 20000210 10102001 20002100
 10100210 10101101 10101011 10100201 20002001 10100111 10100102 10100012 20003000 10101110
 10040000 12010100 10031000 10210100 12001100 22100000 10030001 10010300 20021000 12000101
 10022000 10201100 20000201 10021010 10003100 20102000 10200110 10021001 10001300 10002110
 10101200 10000310 10002101 10020002 10000301 10100300 10120001 10013000 10210010 10012100
 20300000 10030010 30000200 10200101 12000110 10012010 10012001 10010210 10011200 30010100
 12010010 10210001 10120010 12001001 10011110 10101020 11000102 10011101 10011020 10001201
 30000101 12000011 10200002 10001120 10001111 10001102 10001012 10021100 10001021 40100000
 11020100 10010003 10130000 10000400 10020101 22000100 10000040 11003000 10000004 11200010
 10001210 30000110 12000020 10200011 10020110 10002200 30001100 12001010 10201001 10000031
 31000100 13000010 11200001 10010030 11210000 10111001 10001003 10121000 10300100 21010001
 10000130 20010002 11021000 30010010 11200100 10110020 10000022 21100010 10020200 12010001
 10000121 10002002 10000211 10110101 10000103 10120100 10001030 11201000 12100001 10000202
 10000220 10002011 11001200 10011011 20012000 10110110 10000112 10110002 20200010 10011002
 10003010 10200020 20002010 10100120 10301000 10010201 12000002 10100003 10220000 21000002
 12011000 10030100 10100021 30101000 10010102 10100030 11300000 20020001 10004000 10201010
 10010120 10020020 10101002 10111010 10111100 10112000 30100100 10300001 12100010 10202000
 21000011 10211000 20100200 12002000 10310000 10400000 11000003 11120000 20011100 11000012
 11000021 11000030 11000111 11000120 10010012 11000201 10010021 11000210 11002001 10010111
 11000300 11020001 10110200 11001002 11001011 11001020 11001101 11001110 11002010 11002100
 11020010 11010002 12000200 11010011 10200200 11010020 11010101 11010110 10020011 11010200
 20000003 11011001 20000012 11011010 20000102 11011100 20001002 11012000 10003001 11030000
 11100002 11100011 11100020 11100101 21002000 11100110 10110011 11100200 11101001 11101010
 11101100 20010020 11102000 10002020 11110001 11110010 11110100 20100002 11111000 12020000

}
9 1 {
 100000000
}
9 2 {
 110000000 100100000 100000010 100001000 200000000 101000000 100000100 100010000 100000001
}
9 3 {
 200001000 200000100 200000001 120000000 110000100 201000000 110000010 102000000 101010000 110010000
 101000100 100001100 101100000 100000200 101000010 300000000 100000101 111000000 100002000 100001010
 100100001 100001001 200100000 110001000 100000011 200010000 100000110 110000001 100010010 100010100
 100000002 100011000 101001000 100100010 210000000 100020000 200000010 100010001 100100100 100101000
 110100000 101000001 100000020 100110000 100200000
}
9 4 {
 301000000 211000000 210001000 210000100 210000010 210000001 201010000 201001000 201000100 201000010
 201000001 200011000 200010100 200010010 200001100 200001001 200000110 210010000 200000101 200000011
 200000002 300100000 200001010 121000000 120100000 111100000 111001000 111000100 111000010 111000001
 110101000 110100100 200010001 110100010 110100001 120000010 100102000 200200000 100101010 300000001
 101000200 100101001 200002000 100100020 110020000 100010101 200000200 100100011 100020100 100000021
 101100001 100010110 120000001 100100200 110000020 100001002 100111000 100201000 100101100 110200000
 100011001 101000110 130000000 100110001 200110000 100011010 100000012 202000000 100110010 110001100
 100011100 112000000 100000300 100020001 210100000 110001010 100000120 101100100 300001000 101200000
 100000030 400000000 101100010 100020010 100002100 102010000 200100001 100001011 100100002 200100010
 100001020 200000020 101101000 110011000 100001101 110110000 100100101 120000100 100000003 100120000
 200100100 100001110 200020000 100100110 100000210 100002001 200101000 100002010 100010020 101000002
 101110000 100001200 100200001 100210000 102001000 220000000 100003000 100200010 100021000 100200100
 100000102 110010001 120001000 100300000 101000011 101000020 111010000 101000101 101001001 201100000
 101001010 101001100 300000010 101002000 110000011 310000000 101010001 101010010 101010100 100010011
 110002000 101011000 300000100 101020000 100010200 102000001 100012000 102000010 100030000 102000100
 300010000 103000000 100110100 110000002 120010000 102100000 110000101 110000110 100010002 110000200
 110001001 100000111 110010010 100000201 110010100
}
1 0 {}
1 10 {}
2 0 {}
2 19 {}
2 20 {}
3 0 {}
3 28 {}
3 29 {}
3 30 {}
4 0 {}
4 37 {}
4 38 {}
4 39 {}
4 40 {}
5 0 {}
5 46 {}
5 47 {}
5 48 {}
5 49 {}
5 50 {}
6 0 {}
7 0 {}
8 0 {}
9 0 {}
