1, { 9 8 7 6 2 1 3 4 5 }
2, { 89 79 78 69 68 67 58 57 56 49 48 47 19 18 17 24 13 36 23 46 59 12 35 25 14 37 15 38 16
     39 26 27 28 29 34 45 }
3, { 789 689 679 678 589 579 578 568 489 479 478 468 467 457 389 379 378 369 368 367 456 359
     358 357 349 348 347 289 279 458 167 156 145 239 127 268 126 267 569 278 125 136 146 123
     157 134 147 124 158 135 128 269 129 459 168 169 469 178 567 179 189 139 236 137 234 138
     235 237 238 148 245 149 246 247 345 248 346 249 159 256 257 258 356 259 }
4, { 6789 5789 5689 4789 4689 4589 3789 5679 3689 3589 5678 3489 1459 1367 1359 1358 1357 1356
     1458 1259 1349 3678 3479 1489 2459 1348 1347 1239 1246 1235 1457 1258 1245 1234 4679 2689
     1456 1257 1247 1236 3578 1389 2359 2456 1248 1345 3567 1378 2348 1237 2789 1249 1346 1368
     1567 2349 1238 1256 1478 3468 1279 2346 3467 1278 1569 2345 3478 1289 2356 1369 1568 3568
     1379 1578 3569 1579 3579 1589 3469 1479 1678 2357 1679 2358 3679 1689 1789 2468 2347 2367
     4567 2378 4578 2389 1267 3456 2457 2458 2467 2469 2478 4678 2489 1469 3459 2368 2567 2369
     2568 2569 4568 2379 2578 4569 2579 4579 2589 2479 2678 2679 1268 1467 3457 1468 1269 3458 }
5, { 56789 46789 35789 34789 24789 24689 24679 23567 13469 13468 34679 12789 23459 13467 23458
     13458 15689 13457 36789 23456 13478 23469 34569 12679 12569 13567 24567 45789 12357 24579
     13568 24568 12568 12369 12367 24589 12459 25689 12356 24578 12368 12567 12358 14589 12347
     24569 12359 45689 25789 12456 24678 13459 12348 34678 12589 14579 34568 12479 12678 12349
     14578 12389 26789 13456 12458 34589 14689 12457 12467 12468 12469 34567 12478 13569 13578
     23569 13579 35678 13589 13479 13678 13679 15679 13689 35679 13789 25678 12345 23489 12378
     14567 12578 12379 14568 45678 23589 12579 14569 34578 12489 14678 34579 12689 14679 34689
     14789 13489 15678 35689 15789 16789 23579 23457 23467 23468 23478 23568 23578 23479 23678
     23679 25679 12346 23689 45679 23789 }
6, { 456789 345689 345679 345678 236789 235789 235689 235679 235678 234789 234689 234679
     234678 234578 356789 234569 234568 156789 145689 145679 345789 145678 246789 234567
     124569 123679 123678 123589 124568 134579 123579 136789 124567 125789 134578 123578
     245789 123569 146789 134567 123568 346789 123689 245679 123459 245689 123469 125678
     123789 135689 123467 124689 123478 123489 135679 123457 124679 123468 135678 123456
     234579 124678 134689 145789 123479 135789 123567 124789 134589 124579 124589 125679
     245678 123458 125689 126789 134568 256789 124578 134569 134678 234589 134679 134789 }
7, { 1234567, 1234568, 1234569, 1234578, 1234579, 1234589, 1234678, 1234679, 1234689, 1234789,
     1235678, 1235679, 1235689, 1235789, 1236789, 1245678, 1245679, 1245689, 1245789, 1246789,
     1256789, 1345678, 1345679, 1345689, 1345789, 1346789, 1356789, 1456789, 2345678, 2345679,
     2345689, 2345789, 2346789, 2356789, 2456789, 3456789 }
8, { 12345678, 12345679, 12345689, 12345789, 12346789, 12356789, 12456789, 13456789, 23456789 }
9, { 123456789 }
