2 {
 99 88 77 66 22 11 33 44 55
}
3 {
    110, 121, 132, 143, 154, 165, 176, 187, 198, 220, 231, 242, 253, 264, 275, 286, 297, 330, 341, 352, 363, 374,
    385, 396, 440, 451, 462, 473, 484, 495, 550, 561, 572, 583, 594, 660, 671, 682, 693, 770, 781, 792, 880, 891,
    990
}
4 {
 9999 9988 9977 9966 9955 9944 9933 9922 9911 9900
 9889 9878 9867 9856 9845 9834 9823 9812 9801 9779
 9768 9757 9746 9735 9724 9713 9702 9669 9658 9647
 9636 9625 9614 9603 9559 9548 9537 9526 9515 9504
 9449 9438 9427 9416 9405 9339 9328 9317 9306 9229
 9218 9207 9119 9108 9009 8998 8987 8976 8965 8954
 8943 8932 8921 8910 8899 8888 8877 8866 8855 8844
 8833 8822 8811 8800 8789 8778 8767 8756 8745 8734
 8723 8712 8701 8679 8668 8657 8646 8635 8624 8613
 8602 8569 8558 8547 8536 8525 8514 8503 8459 8448
 8437 8426 8415 8404 8349 8338 8327 8316 8305 8239
 8228 8217 8206 8129 8118 8107 8019 8008 7997 7986
 7975 7964 7953 7942 7931 7920 7898 7887 7876 7865
 7854 7843 7832 7821 7810 7799 7788 7777 7766 7755
 7744 7733 7722 7711 7700 7689 7678 7667 7656 7645
 7634 7623 7612 7601 7579 7568 7557 7546 7535 7524
 7513 7502 7469 7458 7447 7436 7425 7414 7403 7359
 7348 7337 7326 7315 7304 7249 7238 7227 7216 7205
 7139 7128 7117 7106 7029 7018 7007 6996 6985 6974
 6963 6952 6941 6930 6897 6886 6875 6864 6853 6842
 6831 6820 6798 6787 6776 6765 3795 3696 3597 3498
 3179 3168 3157 3146 3135 3124 3113 3102 3069 3058
 3047 3036 3025 3014 3003 2992 2981 2970 2893 2882
 2871 2860 2794 2783 2772 2761 2750 2695 2684 2673
 2662 2651 2640 2596 2585 2574 2563 2552 2541 2530
 2497 2486 2475 2464 2453 2442 2431 2420 2398 2387
 3685 1496 5995 3674 1485 5984 3663 1474 5973 3652
 1463 5962 3641 1452 5951 3630 1441 5940 1430 3586
 1397 5896 3575 1386 5885 3564 1375 5874 3553 1364
 5863 3542 1353 5852 3531 1342 5841 3520 1331 5830
 1320 3487 1298 5797 2365 3476 1287 5786 2354 3465
 1276 5775 2343 3454 1265 5764 2332 3443 1254 5753
 2321 3300 1111 5610 2178 6677 3289 1100 5599 2167
 6666 3278 1089 5588 2156 6655 3267 1078 5577 2145
 6644 3256 1067 5566 2134 6633 3762 1573 3245 1056
 5555 2123 6622 3201 1012 5511 2079 6578 1001 5500
 2068 6567 1540 6039 3212 1023 5522 3740 1551 3223
 1034 5533 2101 6600 3751 1562 3234 1045 5544 2112
 6611 3311 1122 5621 2189 6688 3322 1133 5632 2200
 6699 3333 1144 5643 2211 6710 3344 1155 5654 2222
 6721 3355 1166 5665 2233 6732 3366 1177 5676 2244
 6743 3377 1188 5687 2255 6754 3388 1199 5698 2266
 3399 1210 2277 3410 1221 5720 2288 3421 1232 5731
 2299 3432 1243 5742 2310 3773 1584 3784 1595 1650
 6149 3850 1661 3861 1672 3872 1683 1694 1760 6259
 1771 1782 1793 1870 6369 1881 1892 1980 6479 1991
 2002 6501 2013 6512 2024 6523 2035 6534 2046 6545
 2057 6556 2376 3883 3894 3960 3971 3982 3993 4004
 4015 4026 4037 4048 4059 4103 4114 4125 4136 4147
 4158 4169 4202 4213 4224 4235 4246 4257 4268 4279
 4301 4312 4323 4334 4345 4356 4367 4378 4389 4400
 4411 4422 4433 4444 4455 4466 4477 4488 4499 4510
 4521 4532 4543 4554 4565 4576 4587 4598 4620 4631
 4642 4653 4664 4675 4686 4697 4730 4741 4752 4763
 4774 4785 4796 4840 4851 4862 4873 4884 4895 4950
 4961 4972 4983 4994 5005 5016 5027 5038 5049 5104
 5115 5126 5137 5148 5159 5203 5214 5225 5236 5247
 5258 5269 5302 5313 5324 5335 5346 5357 5368 5379
 5401 5412 5423 5434 5445 5456 5467 5478 5489 6006
 6017 6028 6105 6116 6127 6138 6204 6215 6226 6237
 6248 6303 6314 6325 6336 6347 6358 6402 6413 6424
 6435 6446 6457 6468 6589
}
5 {
 99880 99781 99770 99594 99495 99396 99077 98780 98593 98494
 98395 98296 97592 97493 97394 97295 97196 96591 96492 96393
 96294 96195 96096 95590 95491 95392 95293 95194 95095 94490
 94391 94292 94193 94094 93390 93291 93192 93093 92290 92191
 92180 92092 92081 92070 91190 91091 91080 90090 89991 89980
 89892 89881 89870 89793 89782 89771 89760 89694 89683 89672
 89661 89650 89595 89584 89573 89562 89551 89540 89496 89485
 89474 89463 89452 89441 89430 89397 89386 89375 89364 89353
 89342 89331 89320 89298 89287 89276 89265 89254 89243 89232
 89221 89210 89199 89188 89177 89166 89155 89144 89133 89122
 89111 89100 89089 89078 89067 89056 89045 89034 89023 89012
 89001 88990 88891 88880 88792 88781 88770 88693 88682 88671
 88660 88594 88583 88572 88561 88550 88495 88484 88473 88462
 88451 88440 88396 88385 88374 88363 88352 88341 88330 88297
 88286 88275 88264 88253 88242 88231 88220 88198 88187 88176
 88165 88154 88143 88132 88121 88110 88099 88088 88077 88066
 88055 88044 88033 88022 88011 88000 87890 87791 87780 87692
 87681 87670 87593 87582 87571 87560 87494 87483 87472 87461
 87450 87395 87384 87373 87362 87351 87340 87296 87285 87274
 87263 87252 87241 87230 87197 87186 87175 87164 87153 87142
 87131 87120 87098 87087 87076 87065 87054 87043 87032 87021
 87010 86790 86691 86680 86592 86581 86570 86493 86482 86471
 86460 86394 86383 86372 86361 86350 86295 86284 86273 86262
 86251 86240 86196 86185 86174 86163 86152 86141 86130 86097
 86086 86075 86064 86053 86042 86031 86020 85690 85591 85580
 85492 85481 85470 85393 85382 85371 85360 85294 85283 37741
 78870 37642 78771 37631 78760 37543 78672 37532 78661 37521
 78650 37444 78573 37433 78562 37422 78551 37411 78540 37345
 78474 37334 78463 37323 78452 37312 78441 37301 78430 37246
 78375 37235 78364 37224 78353 37213 78342 37202 78331 37059
 78188 36960 78089 36641 77770 36542 77671 36531 77660 36443
 77572 36432 77561 36421 77550 36344 77473 36333 77462 36322
 77451 36311 77440 36245 77374 36234 77363 36223 77352 36212
 77341 36201 77330 36069 77198 36058 77187 35970 77099 35860
 35541 76670 35442 76571 35431 76560 35343 76472 35332 76461
 35321 76450 35244 76373 35233 76362 35222 76351 35211 76340
 35079 35068 76197 35057 76186 34980 34870 34760 34441 75570
 34342 75471 34331 75460 34243 75372 34232 75361 34221 75350
 34100 34089 34078 34067 75196 34056 75185 33990 33880 33770
 33660 33341 74470 33242 74371 33231 74360 33110 33099 33088
 33077 33066 74195 33055 74184 33000 32890 32780 32670 32560
 32241 73370 32120 32098 32087 32076 32065 73194 32054 73183
 32010 31790 31680 31570 31460 31130 31097 31086 31075 31064
 72193 31053 72182 31020 30690 30580 30470 30360 30140 30096
 30085 30074 30063 71192 30052 71181 30030 29997 29986 29975
 29964 71093 29953 71082 29920 29898 29887 29876 29865 29854
 29810 29799 29788 29777 29766 29755 29700 29689 29678 29667
 29656 29579 29568 29557 29469 29458 29359 29139 29128 29117
 29106 29029 29018 29007 28996 28985 28974 28963 70092 28952
 70081 28941 70070 28930 28897 28886 28875 28864 69993 28853
 69982 28842 69971 28831 69960 28820 28798 28787 28776 28765
 69894 28754 69883 28743 69872 28732 69861 28721 69850 28710
 28699 28688 28677 28666 69795 28655 69784 28644 69773 28633
 69762 28622 69751 28611 69740 28600 28589 28578 28567 69696
 28556 69685 28545 69674 28534 69663 28523 69652 28512 69641
 28501 69630 28479 28468 69597 28457 69586 28446 69575 28435
 69564 28424 69553 28413 69542 28402 69531 28369 69498 28358
 69487 28347 69476 28336 69465 28325 69454 28314 69443 28303
 69432 28259 69388 28248 69377 28237 69366 28226 69355 28215
 69344 28204 69333 28149 69278 28138 69267 28127 69256 28116
 69245 28105 69234 28039 69168 28028 69157 28017 69146 28006
 69135 27995 69124 27984 69113 27973 69102 27962 27951 27940
 69069 27896 69025 27885 69014 27874 69003 27863 68992 27852
 68981 27841 68970 27830 27797 27786 27775 27764 68893 27753
 68882 27742 68871 27731 68860 27720 27698 27687 27676 27665
 68794 27654 68783 27643 68772 27632 68761 27621 68750 27610
 27599 27588 27577 27566 68695 27555 68684 27544 68673 27533
 68662 27522 68651 27511 68640 27500 27489 27478 27467 68596
 27456 68585 27445 68574 27434 68563 27423 68552 27412 68541
 27401 68530 27379 27368 68497 27357 68486 27346 68475 27335
 68464 27324 68453 27313 68442 27302 68431 27269 68398 27258
 68387 27247 68376 27236 68365 27225 68354 27214 68343 27203
 68332 27159 68288 27148 68277 27137 68266 27126 68255 27115
 68244 27104 68233 27049 68178 27038 68167 27027 68156 27016
 68145 27005 68134 26994 68123 26983 68112 26972 68101 26961
 26950 68079 26895 68024 26884 68013 26873 68002 26862 67991
 26851 67980 26840 26796 26785 26774 26763 67892 26752 67881
 26741 67870 26730 26697 26686 26675 26664 67793 26653 67782
 26642 67771 26631 67760 26620 26598 26587 26576 26565 67694
 26554 67683 26543 67672 26532 67661 26521 67650 26510 26499
 26488 26477 26466 67595 26455 67584 26444 67573 26433 67562
 26422 67551 26411 67540 26400 26389 26378 26367 67496 26356
 67485 26345 67474 26334 67463 26323 67452 26312 67441 26301
 67430 26279 26268 67397 26257 67386 26246 67375 26235 67364
 26224 67353 26213 67342 26202 67331 26169 67298 26158 67287
 26147 67276 26136 67265 26125 67254 26114 67243 26103 67232
 26059 67188 26048 67177 26037 67166 26026 67155 26015 67144
 26004 67133 25993 67122 25982 67111 25971 67100 25960 67089
 25894 67023 25883 67012 25872 67001 25861 66990 25850 25795
 25784 25773 25762 66891 25751 66880 25740 25696 25685 25674
 25663 66792 25652 66781 25641 66770 25630 25597 25586 25575
 25564 66693 25553 66682 25542 66671 25531 66660 25520 25498
 25487 25476 25465 66594 25454 66583 25443 66572 25432 66561
 25421 66550 25410 25399 25388 25377 25366 66495 25355 66484
 25344 66473 25333 66462 25322 66451 25311 66440 25300 25289
 25278 25267 66396 25256 66385 25245 66374 25234 66363 25223
 66352 25212 66341 25201 66330 25179 25168 66297 25157 66286
 25146 66275 25135 66264 25124 66253 25113 66242 25102 66231
 25069 66198 25058 66187 25047 66176 25036 66165 25025 66154
 25014 66143 25003 66132 24992 66121 24981 66110 24970 66099
 24893 66022 24882 66011 24871 66000 24860 24794 24783 24772
 24761 65890 24750 24695 24684 24673 24662 65791 24651 65780
 24640 24596 24585 24574 24563 65692 24552 65681 24541 65670
 24530 24497 24486 24475 24464 65593 24453 65582 24442 65571
 24431 65560 24420 24398 24387 24376 24365 65494 24354 65483
 24343 65472 24332 65461 24321 65450 24310 24299 24288 24277
 24266 65395 24255 65384 24244 65373 24233 65362 24222 65351
 24211 65340 24200 24189 24178 24167 65296 24156 65285 24145
 65274 24134 65263 24123 65252 24112 65241 24101 65230 24079
 24068 65197 24057 65186 24046 65175 24035 65164 24024 65153
 24013 65142 24002 65131 23991 65120 23980 23892 65021 23881
 65010 23870 23793 23782 23771 23760 23694 23683 23672 23661
 64790 23650 23595 23584 23573 23562 64691 23551 64680 23540
 23496 23485 23474 23463 64592 23452 64581 23441 64570 23430
 23397 23386 23375 23364 64493 23353 64482 23342 64471 23331
 64460 23320 23298 35574 99110 16423 57552 35563 76692 99099
 16412 57541 35552 76681 99088 16401 57530 99055 16368 57497
 99044 16357 57486 35497 99033 16346 57475 35486 99022 16335
 57464 35475 99011 16324 57453 35464 76593 99000 16313 57442
 35453 76582 16302 57431 16258 57387 35398 16247 57376 35387
 16236 57365 35376 16225 57354 35365 76494 16214 57343 35354
 76483 98890 16203 57332 35299 16148 57277 35288 16137 57266
 35277 16126 57255 35266 76395 16115 57244 35255 76384 98791
 16104 57233 35189 16038 57167 35178 16027 57156 35167 76296
 16016 57145 35156 76285 98692 16005 57134 98175 15488 98164
 15477 98153 15466 56595 98142 15455 56584 34595 98131 15444
 56573 34584 98120 15433 56562 34573 15422 56551 34562 75691
 98098 15411 56540 34551 75680 98087 15400 98065 15378 98054
 15367 56496 98043 15356 56485 34496 98032 15345 56474 34485
 98021 15334 56463 34474 98010 15323 56452 34463 75592 15312
 56441 34452 75581 15301 56430 15268 56397 15257 56386 34397
 15246 56375 34386 15235 56364 34375 15224 56353 34364 75493
 15213 56342 34353 75482 15202 56331 15158 56287 34298 15147
 56276 34287 15136 56265 34276 15125 56254 34265 75394 15114
 56243 34254 75383 97790 15103 56232 34199 15048 56177 34188
 15037 56166 34177 15026 56155 34166 75295 15015 56144 34155
 75284 97691 15004 56133 97185 14498 97174 14487 97163 14476
 97152 14465 55594 97141 14454 55583 33594 97130 14443 55572
 33583 14432 55561 33572 14421 55550 33561 74690 97097 14410
 33550 97086 14399 97075 14388 97064 14377 97053 14366 55495
 97042 14355 55484 33495 97031 14344 55473 33484 97020 14333
 55462 33473 14322 55451 33462 74591 14311 55440 33451 74580
 14300 33440 14289 14278 14267 55396 14256 55385 33396 14245
 55374 33385 14234 55363 23287 33374 14223 55352 23276 33363
 74492 14212 55341 23265 64394 33352 74481 14201 55330 23254
 64383 33330 14179 23232 64361 14168 55297 23221 64350 14157
 55286 23210 33297 14146 55275 23199 33286 14135 55264 23188
 33275 14124 55253 23177 33264 74393 14113 55242 23166 64295
 33253 74382 14102 55231 23155 64284 33220 14069 55198 23122
 64251 14058 55187 23111 64240 33198 14047 55176 23100 33187
 14036 55165 23089 33176 14025 55154 23078 33165 74294 14014
 55143 23067 64196 33154 74283 96690 14003 55132 23056 64185
 33143 74272 13992 55121 23045 64174 33132 74261 13981 55110
 23034 64163 33121 74250 13970 55099 23023 64152 33044 74173
 96580 13893 55022 33033 74162 13882 55011 33022 74151 13871
 55000 33011 74140 13860 96481 13794 96470 13783 13772 13761
 54890 13750 96382 13695 96371 13684 96360 13673 13662 54791
 13651 54780 32791 13640 22693 96283 13596 96272 13585 96261
 13574 96250 13563 54692 13552 54681 32692 13541 54670 22594
 32681 13530 22583 96184 13497 22550 96173 13486 96162 13475
 96151 13464 54593 96140 13453 54582 32593 13442 54571 22495
 32582 13431 54560 22484 32571 13420 22473 11792 11781 35420
 16269 57398 11770 94380 11693 11682 11671 94281 11594 94270
 11583 11572 35145 76274 98681 15994 57123 94182 11495 35134
 76263 98670 15983 57112 94171 11484 35123 76252 15972 57101
 94160 11473 35046 76175 98582 15895 57024 94083 11396 35035
 76164 98571 15884 57013 94072 11385 35024 76153 98560 15873
 57002 94061 11374 98472 15785 11286 98461 15774 11275 98362
 15675 11176 96052 13365 54494 98252 15565 56694 11066 52195
 13255 54384 98241 15554 56683 11055 52184 32395 13244 54373
 22297 34694 98230 15543 56672 30195 11044 52173 20097 32384
 13233 54362 22286 34683 15532 56661 30184 11033 52162 20086
 32373 13222 54351 22275 34672 15521 56650 30173 11022 52151
 20075 32362 73491 13211 54340 22264 63393 14751 55880 29403
 10252 51381 19305 31592 12441 53570 21494 33891 75020 14740
 10241 51370 31581 12430 21483 98483 15796 11297 20350 10230
 98450 15763 56892 11264 52393 97383 14696 29348 10197 95073
 12386 15752 56881 11253 52382 97372 14685 29337 10186 19239
 95062 12375 34892 76021 15741 56870 30393 11242 52371 20295
 97361 14674 29326 10175 19228 95051 12364 53493 29843 10692
 19745 32032 73161 12881 54010 34881 76010 15730 30382 11231
 52360 20284 97350 14663 55792 29315 10164 51293 19217 95040
 12353 53482 29832 10681 19734 32021 73150 12870 30371 11220
 20273 14652 55781 29304 10153 51282 19206 31493 12342 53471
 21395 34320 15169 56298 29821 10670 19723 33792 14641 55770
 10142 51271 31482 12331 53460 21384 34771 15620 30272 11121
 52250 20174 32461 73590 13310 22363 63492 97240 14553 55682
 29205 10054 51183 19107 31394 12243 53372 21296 29722 10571
 19624 12760 30261 71390 11110 20163 61292 32450 13299 22352
 63481 33693 14542 55671 10043 51172 31383 12232 53361 21285
 34210 15059 56188 29711 10560 19613 35002 76131 15851 56980
 11352 52481 97471 14784 29436 10285 19338 95161 12474 98285
 15598 30250 11099 20152 61281 13288 22341 63470 33682 14531
 55660 10032 51161 31372 12221 53350 21274 30481 11330 20383
 14762 55891 29414 10263 51392 19316 12452 53581 34430 15279
 29931 71060 10780 19833 98263 15576 11077 20130 13266 54395
 10010 31350 12199 21252 62381 34991 76120 15840 30492 11341
 52470 20394 97460 14773 29425 10274 19327 95150 12463 53592
 29942 71071 10791 19844 32131 73260 12980 22033 63162 98274
 15587 11088 20141 61270 13277 22330 33671 14520 10021 51150
 31361 72490 12210 21263 62392 34782 15631 56760 30283 11132
 52261 20185 32472 13321 54450 22374 97251 14564 55693 29216
 10065 51194 19118 12254 53383 29733 10582 19635 12771 34793
 15642 56771 30294 11143 52272 20196 32483 13332 54461 22385
 97262 14575 29227 10076 19129 12265 53394 35310 16159 57288
 11660 29744 93280 10593 19646 12782 98340 15653 56782 11154
 52283 32494 96030 13343 54472 22396 97273 14586 29238 10087
 12276 98351 15664 56793 11165 52294 96041 13354 54483 97284
 14597 29249 10098 12287 21340 98373 15686 11187 20240 96063
 13376 10120 98384 15697 11198 20251 61380 96074 13387 22440
 33781 14630 10131 51260 31471 12320 21373 35013 76142 15862
 56991 94050 11363 52492 97482 14795 29447 10296 19349 95172
 12485 10340 34001 75130 14850 29502 10351 51480 19404 31691
 12540 21593 34012 75141 14861 55990 29513 10362 51491 19415
 12551 53680 30591 11440 20493 34023 75152 14872 56001 29524
 93060 10373 19426 12562 53691 34540 98076 15389 30041 71170
 10890 19943 61072 32230 13079 22132 63261 35101 76230 15950
 57079 11451 52580 34034 75163 97570 14883 56012 29535 93071
 10384 19437 95260 12573 35112 76241 15961 11462 52591 34045
 75174 97581 14894 56023 29546 93082 10395 19448 95271 12584
 29601 10450 19503 34111 75240 14960 56089 29612 10461 51590
 19514 12650 34122 75251 14971 56100 29623 10472 19525 12661
 53790 35200 16049 57178 11550 34133 75262 14982 56111 29634
 93170 10483 19536 12672 34650 98186 15499 30151 71280 11000
 20053 61182 32340 13189 22242 63371 11561 52690 34144 75273
 97680 14993 56122 29645 93181 10494 19547 95370 12683 34661
 75790 98197 15510 30162 71291 11011 52140 20064 61193 32351
 73480 13200 22253 63382 35530 99066 16379 31031 72160 11880
 31042 72171 11891 53020 31141 72270 11990 21043 62172 31152
 72281 12001 53130 21054 62183 31163 72292 12012 53141 21065
 62194 31174 12023 53152 21076 31185 12034 53163 21087 31196
 12045 53174 21098 12056 53185 12067 53196 21120 12078 21131
 62260 31240 12089 21142 62271 31251 72380 12100 21153 62282
 31262 72391 12111 53240 21164 62293 31273 12122 53251 21175
 31284 12133 53262 21186 31295 12144 53273 21197 12155 53284
 12166 53295 12177 21230 12188 21241 62370 12298 21351 62480
 95084 12397 21450 95183 12496 95282 12595 95381 12694 95480
 12793 32043 73172 12892 54021 32142 73271 12991 54120 22044
 63173 32153 73282 13002 54131 22055 63184 32164 73293 13013
 54142 22066 63195 32175 13024 54153 22077 32186 13035 54164
 22088 32197 13046 54175 22099 13057 54186 22110 13068 54197
 22121 63250 32252 73381 13101 54230 22154 63283 32263 73392
 13112 54241 22165 63294 32274 13123 54252 22176 32285 13134
 54263 22187 32296 13145 54274 22198 13156 54285 13167 54296
 22220 13178 22231 63360 96085 13398 22451 63580 35585 99121
 16434 57563 35596 99132 16445 57574 99143 16456 57585 99154
 16467 57596 99165 16478 35640 99176 16489 35651 76780 99187
 16500 35662 76791 99198 16511 57640 35673 16522 57651 35684
 99220 16533 57662 35695 99231 16544 57673 99242 16555 57684
 99253 16566 57695 99264 16577 99275 16588 35750 99286 16599
 35761 76890 99297 16610 35772 16621 57750 35783 16632 57761
 35794 99330 16643 57772 99341 16654 57783 99352 16665 57794
 99363 16676 99374 16687 99385 16698 35871 77000 16720 35882
 77011 16731 57860 35893 77022 16742 57871 99440 16753 57882
 99451 16764 57893 99462 16775 99473 16786 99484 16797 35981
 77110 16830 35992 77121 16841 57970 36003 77132 16852 57981
 36014 77143 99550 16863 57992 36025 77154 99561 16874 58003
 36036 77165 99572 16885 58014 36047 77176 99583 16896 58025
 16940 58069 36102 77231 16951 36113 77242 16962 36124 77253
 99660 16973 58102 36135 77264 99671 16984 58113 36146 77275
 99682 16995 58124 36157 77286 99693 17006 58135 36168 77297
 17017 58146 36179 17028 58157 17039 58168 36256 77385 99792
 17105 58234 36267 77396 17116 58245 36278 17127 58256 36289
 17138 58267 36300 17149 58278 36355 77484 99891 17204 58333
 36366 77495 17215 58344 36377 17226 58355 36388 17237 58366
 36399 17248 58377 36410 17259 58388 36454 77583 99990 17303
 58432 36465 77594 17314 58443 36476 17325 58454 36487 17336
 58465 36498 17347 58476 17358 58487 36520 17369 58498 36553
 77682 17402 58531 36564 77693 17413 58542 36575 17424 58553
 36586 17435 58564 36597 17446 58575 17457 58586 17468 58597
 36630 17479 36652 77781 17501 58630 36663 77792 17512 58641
 36674 17523 58652 36685 17534 58663 36696 17545 58674 17556
 58685 17567 58696 17578 36740 17589 36751 77880 17600 36762
 77891 17611 58740 36773 17622 58751 36784 17633 58762 36795
 17644 58773 17655 58784 17666 58795 17677 17688 36850 17699
 36861 77990 17710 36872 78001 17721 58850 36883 78012 17732
 58861 36894 78023 17743 58872 17754 58883 17765 58894 17776
 17787 17798 36971 78100 17820 36982 78111 17831 58960 36993
 78122 17842 58971 37004 78133 17853 58982 37015 78144 17864
 58993 37026 78155 17875 59004 37037 78166 17886 59015 37048
 78177 17897 59026 17930 59059 17941 37103 78232 17952 37114
 78243 17963 37125 78254 17974 59103 37136 78265 17985 59114
 37147 78276 17996 59125 37158 78287 18007 59136 37169 78298
 18018 59147 18029 59158 37257 78386 18106 59235 37268 78397
 18117 59246 37279 18128 59257 18139 59268 37356 78485 18205
 59334 37367 78496 18216 59345 37378 18227 59356 37389 18238
 59367 37400 18249 59378 37455 78584 18304 59433 37466 78595
 18315 59444 37477 18326 59455 37488 18337 59466 37499 18348
 59477 37510 18359 59488 37554 78683 18403 59532 37565 78694
 18414 59543 37576 18425 59554 37587 18436 59565 37598 18447
 59576 18458 59587 37620 18469 59598 37653 78782 18502 59631
 37664 78793 18513 59642 37675 18524 59653 37686 18535 59664
 37697 18546 59675 18557 59686 18568 59697 37730 18579 37752
 78881 18601 59730 37763 78892 18612 59741 37774 18623 59752
 37785 18634 59763 37796 18645 59774 18656 59785 18667 59796
 18678 37840 18689 37851 78980 18700 37862 78991 18711 59840
 37873 79002 18722 59851 37884 79013 18733 59862 37895 79024
 18744 59873 18755 59884 18766 59895 18777 18788 37950 79079
 18799 37961 18810 37972 79101 18821 59950 37983 79112 18832
 59961 37994 79123 18843 59972 38005 79134 18854 59983 38016
 79145 18865 59994 38027 79156 18876 38038 79167 18887 18898
 18920 18931 60060 18942 60071 18953 60082 18964 60093 18975
 18986 18997 19008 19019 19459 19558 19569 19602 19657 19668
 19679 19701 19712 19756 19767 19778 19789 19800 19811 19822
 19855 19866 19877 19888 19899 19910 19921 61050 19932 61061
 19954 61083 19965 61094 19976 19987 19998 20020 20031 61160
 20042 61171 20262 61391 20361 61490 20372 20460 20471 20482
 20570 20581 20592 20680 20691 20790 21010 21021 62150 21032
 62161 21362 62491 21461 62590 21472 21560 21571 21582 21670
 21681 21692 21780 21791 21890 22000 22011 63140 22022 63151
 22143 63272 22462 63591 22561 63690 22572 22660 22671 22682
 22770 22781 22792 22880 22891 64020 22990 23001 64130 23012
 64141 23133 64262 23144 64273 23243 64372 38049 79178 38104
 79233 38115 79244 38126 79255 38137 79266 38148 79277 38159
 79288 38203 79332 38214 79343 38225 79354 38236 79365 38247
 79376 38258 79387 38269 79398 38302 79431 38313 79442 38324
 79453 38335 79464 38346 79475 38357 79486 38368 79497 38379
 38401 79530 38412 79541 38423 79552 38434 79563 38445 79574
 38456 79585 38467 79596 38478 38489 38500 38511 79640 38522
 79651 38533 79662 38544 79673 38555 79684 38566 79695 38577
 38588 38599 38610 38621 79750 38632 79761 38643 79772 38654
 79783 38665 79794 38676 38687 38698 38720 38731 79860 38742
 79871 38753 79882 38764 79893 38775 38786 38797 38830 38841
 79970 38852 79981 38863 79992 38874 38885 38896 38940 38951
 80080 38962 80091 38973 38984 38995 39006 39017 39028 39039
 39105 39116 39127 39138 39149 39204 39215 39226 39237 39248
 39259 39303 39314 39325 39336 39347 39358 39369 39402 39413
 39424 39435 39446 39457 39468 39479 39501 39512 39523 39534
 39545 39556 39567 39578 39589 39600 39611 39622 39633 39644
 39655 39666 39677 39688 39699 39710 39721 39732 39743 39754
 39765 39776 39787 39798 39820 39831 39842 39853 39864 39875
 39886 39897 39930 39941 81070 39952 81081 39963 81092 39974
 39985 39996 40040 40051 81180 40062 81191 40073 40084 40095
 40150 40161 81290 40172 40183 40194 40260 40271 40282 40293
 40370 40381 40392 40480 40491 40590 41030 41041 82170 41052
 82181 41063 82192 41074 41085 41096 41140 41151 82280 41162
 82291 41173 41184 41195 41250 41261 82390 41272 41283 41294
 41360 41371 41382 41393 41470 41481 41492 41580 41591 41690
 42020 42031 83160 42042 83171 42053 83182 42064 83193 42075
 42086 42097 42130 42141 83270 42152 83281 42163 83292 42174
 42185 42196 42240 42251 83380 42262 83391 42273 42284 42295
 42350 42361 83490 42372 42383 42394 42460 42471 42482 42493
 42570 42581 42592 42680 42691 42790 43010 43021 84150 43032
 84161 43043 84172 43054 84183 43065 84194 43076 43087 43098
 43120 43131 84260 43142 84271 43153 84282 43164 84293 43175
 43186 43197 43230 43241 84370 43252 84381 43263 84392 43274
 43285 43296 43340 43351 84480 43362 84491 43373 43384 43395
 43450 43461 84590 43472 43483 43494 43560 43571 43582 43593
 43670 43681 43692 43780 43791 43890 44000 44011 85140 44022
 85151 44033 85162 44044 85173 44055 85184 44066 85195 44077
 44088 44099 44110 44121 85250 44132 85261 44143 85272 44154
 44165 44176 44187 44198 44220 44231 44242 44253 44264 44275
 44286 44297 44330 44341 44352 44363 44374 44385 44396 44440
 44451 44462 44473 44484 44495 44550 44561 44572 44583 44594
 44660 44671 44682 44693 44770 44781 44792 44880 44891 44990
 45001 45012 45023 45034 45045 45056 45067 45078 45089 45100
 45111 45122 45133 45144 45155 45166 45177 45188 45199 45210
 45221 45232 45243 45254 45265 45276 45287 45298 45320 45331
 45342 45353 45364 45375 45386 45397 45430 45441 45452 45463
 45474 45485 45496 45540 45551 45562 45573 45584 45595 45650
 45661 45672 45683 45694 45760 45771 45782 45793 45870 45881
 45892 45980 45991 46002 46013 46024 46035 46046 46057 46068
 46079 46101 46112 46123 46134 46145 46156 46167 46178 46189
 46200 46211 46222 46233 46244 46255 46266 46277 46288 46299
 46310 46321 46332 46343 46354 46365 46376 46387 46398 46420
 46431 46442 46453 46464 46475 46486 46497 46530 46541 46552
 46563 46574 46585 46596 46640 46651 46662 46673 46684 46695
 46750 46761 46772 46783 46794 46860 46871 46882 46893 46970
 46981 46992 47003 47014 47025 47036 47047 47058 47069 47102
 47113 47124 47135 47146 47157 47168 47179 47201 47212 47223
 47234 47245 47256 47267 47278 47289 47300 47311 47322 47333
 47344 47355 47366 47377 47388 47399 47410 47421 47432 47443
 47454 47465 47476 47487 47498 47520 47531 47542 47553 47564
 47575 47586 47597 47630 47641 47652 47663 47674 47685 47696
 47740 47751 47762 47773 47784 47795 47850 47861 47872 47883
 47894 47960 47971 47982 47993 48004 48015 48026 48037 48048
 48059 48103 48114 48125 48136 48147 48158 48169 48202 48213
 48224 48235 48246 48257 48268 48279 48301 48312 48323 48334
 48345 48356 48367 48378 48389 48400 48411 48422 48433 48444
 48455 48466 48477 48488 48499 48510 48521 48532 48543 48554
 48565 48576 48587 48598 48620 48631 48642 48653 48664 48675
 48686 48697 48730 48741 48752 48763 48774 48785 48796 48840
 48851 48862 48873 48884 48895 48950 48961 48972 48983 48994
 49005 49016 49027 49038 49049 49104 49115 49126 49137 49148
 49159 49203 49214 49225 49236 49247 49258 49269 49302 49313
 49324 49335 49346 49357 49368 49379 49401 49412 49423 49434
 49445 49456 49467 49478 49489 49500 49511 49522 49533 49544
 49555 49566 49577 49588 49599 49610 49621 49632 49643 49654
 49665 49676 49687 49698 49720 49731 49742 49753 49764 49775
 49786 49797 49830 49841 49852 49863 49874 49885 49896 49940
 49951 49962 49973 49984 49995 50050 50061 50072 50083 50094
 50160 50171 50182 50193 50270 50281 50292 50380 50391 50490
 51040 51051 51062 51073 51084 51095 52030 52041 52052 52063
 52074 52085 52096 53031 53042 53053 53064 53075 53086 53097
 54032 54043 54054 54065 54076 54087 54098 55033 55044 55055
 55066 55077 55088 55220 56034 56045 56056 56067 56078 56199
 56210 56221 56320 57035 57046 57057 57068 57189 57200 57211
 57222 57299 57310 57321 57420 58036 58047 58058 58179 58201
 58212 58223 58289 58300 58311 58322 58399 58410 58421 58520
 59037 59048 59169 59202 59213 59224 59279 59301 59312 59323
 59389 59400 59411 59422 59499 59510 59521 59620 60170 60181
 60192 60280 60291 60390 62040 62051 62062 62073 62084 62095
 63030 63041 63052 63063 63074 63085 63096 64031 64042 64053
 64064 64075 64086 64097 65032 65043 65054 65065 65076 65087
 65098 66033 66044 66055 66066 66077 66088 66220 67034 67045
 67056 67067 67078 67199 67210 67221 67320 68035 68046 68057
 68068 68189 68200 68211 68222 68299 68310 68321 68420 69036
 69047 69058 69179 69201 69212 69223 69289 69300 69311 69322
 69399 69410 69421 69520 70180 70191 70290 72050 72061 72072
 72083 72094 73040 73051 73062 73073 73084 73095 74030 74041
 74052 74063 74074 74085 74096 75031 75042 75053 75064 75075
 75086 75097 76032 76043 76054 76065 76076 76087 76098 77033
 77044 77055 77066 77077 77088 77220 78034 78045 78056 78067
 78078 78199 78210 78221 78320 79035 79046 79057 79068 79189
 79200 79211 79222 79299 79310 79321 79420 80190 82060 82071
 82082 82093 83050 83061 83072 83083 83094 84040 84051 84062
 84073 84084 84095 85030 85041 85052 85063 85074 85085 85096

}
